Webots Project File version R2020a
perspectives: 000000ff00000000fd00000003000000000000008700000369fc0100000002fb0000001e00480074006d006c0052006f0062006f007400570069006e0064006f00770000000000000000870000000000000000fb0000001a0044006f00630075006d0065006e0074006100740069006f006e0000000000ffffffff0000008700ffffff00000001000001cb0000024efc0200000001fb0000001400540065007800740045006400690074006f007201000000000000024e0000008b00ffffff00000003000005a000000119fc0100000001fb0000000e0043006f006e0073006f006c00650100000000000005a00000008700ffffff000003d30000024e00000001000000020000000100000008fc00000000
simulationViewPerspectives: 000000ff000000010000000200000146000001de0100000002010000000100
sceneTreePerspectives: 000000ff0000000100000002000000c0000000000100000002010000000200
maximizedDockId: -1
centralWidgetVisible: 1
selectionDisabled: 0
viewpointLocked: 0
orthographicViewHeight: 1
textFiles: 1 "controllers/testing_lidar/testing_lidar.py" "controllers/robot_dev/robot_dev.py"
globalOptionalRendering: LidarPointClouds::LidarRaysPaths
renderingDevicePerspectives: Sonic:camera_right;1;1.04688;0;0
renderingDevicePerspectives: Sonic:camera_front;1;1;0;0.0094162
renderingDevicePerspectives: Sonic:camera_left;1;1;0;0
